41875
3067
81985
264402
59689
3702
90675
3711
3712
50452
72658
72664
3649
28532
3641
29730
2711
85681
71139
3750
225117
3760
102107
57918
981085
3983
3988
4006
3694
3656
3659
3827
3880
3885
3847
29760
4113
4081
4096
4098
4155
161934
4565
4572
37682
4513
15368
4529
4530
4533
4536
4537
4538
40148
40149
65489
77586
4555
38727
4558
4577
4641
42345
4432
218851
13333
88036
3218
148304
29850
318829
209285
78579
38033
2587410
5141
40127
5147
2587412
61273
29908
226899
223192
92637
568076
5111
176275
73501
117187
5127
101028
5518
984957
5507
51453
29875
63577
72228
1173701
31870
5465
710243
80884
474922
27337
1051613
393283
97096
5180
40559
698440
101852
655981
34373
199306
5501
33188
5037
5039
5551
63400
63418
63402
63405
1048829
121759
33178
5059
5061
5062
746128
36630
5057
1069201
162425
36651
69781
1108849
264951
28564
37727
43228
43229
1182553
470704
86049
5970
293227
364733
35725
310453
61459
85929
1873960
1047171
64363
430998
101162
45130
5016
5017
45151
53485
93612
13684
5022
337075
39416
2813651
430498
33169
45285
27288
27289
432096
588726
1071379
113608
36033
381046
28985
4932
4950
4956
5478
1041607
4922
4909
1005962
42374
273371
5476
5479
5480
5482
36914
340170
4920
4924
4929
4959
2315449
4952
42068
263815
4896
4897
4899
866546
5011
40492
984962
65672
208960
160860
104355
202698
40483
5341
5346
5334
221103
85982
80637
552467
5207
5217
82508
5297
203908
34349
5286
84751
327079
5270
120017
72558
1392244
148960
245174
936053
36080
78898
588596
109760
109871
28583
9597
9598
9593
9606
9601
61853
9541
9544
9555
60711
61622
27679
9483
1868482
30611
885580
10181
10141
10160
34839
10029
10036
10042
79684
10116
10090
1026970
51337
43179
9978
9986
246437
482537
9365
42254
59463
109478
225400
29078
9402
132908
9646
29073
9612
9707
9713
9668
9685
9694
9733
9739
118797
9767
9913
72004
89462
9940
59538
9823
9371
9778
9785
9818
28737
185453
9361
9305
9315
13616
9258
8496
38654
181119
59894
8932
128390
52644
9031
8479
8469
13735
28377
176946
8364
7897
48698
8081
8083
8090
144197
303518
8153
106582
32507
8128
215358
69293
31033
244447
8049
8010
7955
7994
7918
51511
7719
7739
10224
7668
34506
6326
281687
135651
1561998
6238
6239
31234
7209
6334
7159
7176
7165
43151
7220
7227
7245
7217
7234
7237
7260
7244
7230
7222
7213
7370
7460
132113
12957
103372
69319
7425
34740
13037
7091
7070
7029
13249
121225
136037
6669
126957
32264
6211
6183
6412
6500
45351
6087
10228
27923
400682
946362
81824
227086
5833
5850
529818
5693