3024501
3023045
3021579
3021330
3019335
3016337
3015183
3014887
3004453
3004335
3004211
3003486
3003315
2993738
2993737
2993736
2993716
2993532
2992871
2992840
2992793
2992792
2992791
2991402
2990551
2986373
2985289
2985288
2984378
2984373
2983591
2983590
2983006
2982935
2981130
2981016
2979204
2978433
2977358
2977357
2977202
2977123
2976464
2975551
2974950
2974614
2974602
2971999
2971523
2971486
2971467
2971257
2970942
2969215
2968950
2966631
2966215
2963885
2963526
2962566
2962154
2962152
2962150
2962118
2962114
2961794
2959437
2957609
2954233
2952721
2951149
2950337
2949235
2943593
2933213
2932429
2928197
2927904
2926761
2925394
2925272
2923442
2923325
2923265
2923025
2922897
2922864
2921196
2918882
2917660
2913435
2912516
2911446
2908215
2907352
2906879
2905234
2905148
2904399
2904396
2904149
2902721
2901865
2901444
2898789
2898051
2898041
2898036
2894924
2894051
2894049
2894048
2894047
2893598
2893282
2893278
2892966
2892870
2885703
2884922
2884180
2883097
2880617
2880162
2880133
2879512
2876883
2875248
2874171
2873809
2873798
2873792
2872683
2870686
2867467
2867466
2867465
2867100
2864868
2864023
2862750
2862742
2862724
2862137
2854221
2853408
2853308
2853170
2853154
2851539
2849233
2849229
2849226
2849060
2848981
2846881
2846765
2843285
2841545
2839102
2838960
2838959
2838900
2837473
2836380
2834419
2834364
2834342
2834230
2833383
2832248
2831476
2831115
2830917
2830699
2828285
2828058
2828057
2826126
2823620
2823492
2823046
2822694
2821817
2820021
2818153
2817279
2817038
2815828
2815340
2814299
2813765
2813675
2813331
2812742
2812627
2812622
2811378
2810152
2806441
2803491
2802240
2802239
2802208
2802180
2801915
2801329
2801325
2800131
2799785
2799441
2799436
2797610
2797542
2795773
2795625
2795279
2795259
2794230
2794228
2794027
2792884
2792232
2789655
2782743
2782297
2781939
2781584
2781079
2780438
2779611
2778690
2778305
2778217
2777415
2777414
2775913
2772033
2771339
2770810
2767796
2766774
2761499
2761495
2759743
2759742
2759657
2759601
2756146
2755020
2754514
2754507
2751843
2749910
2748749
2748086
2748074
2748072
2748069
2748005
2747971
2747954
2747951
2747948
2747942
2747819
2747818
2747360
2742919
2742507
2742496
2742492
2737174
2735166
2735165
2735164
2735163
2733695
2731323
2731301
2731299
2730726
2730725
2729736
2729669
2729116
2728852
2726157
2726112
2726025
2725881
2725791
2725408
2724437
2724426
2724424
2723673
2723223
2723124
2721763
2721496
2720628
2720065
2717312
2714185
2713605
2713159
2713158
2713033
2712950
2712947
2707178
2706947
2705747
2705744
2705422
2705379
2704535
2704128
2704123
2704095
2704086
2699431
2698891
2697266
2697099
2695919
2691978
2691855
2691853
2684887
2684854
2684851
2684846
2682052
2678609
2678608
2676189
2675314
2668037
2665954
2664134
2663725
2663723
2662989
2662031
2659271
2654408
2615174
2613925
2608080
2606503
2606487
2605983
2605937
2605728
2605705
2604177
2604064
2603953
2603952
2603951
2603599
2603342
2600585
2600144
2600098
2598972
2598729
2598527
2598125
2594482
2592609
2592011
2591638
2590419
2587263
2586438
2585841
2585836
2585826
2585823
2585091
2582958
2578417
2578212
2576935
2576751
2576331
2575989
2575761
2575742
2575636
2572153
2571259
2571230
2570543
2570539
2570321
2567907
2567785
2567781
2567772
2566701
2566138
2565878
2565773
2563084
2563082
2562729
2562238
2561901
2559700
2558456
2557497
2547585
2547331
2545269
2528045
2517351
2517342
2517328
2512230
2511174
2511164
2511083
2510790
2510776
2509223
2509199
2509197
2507087
2507078
2506476
2506357
2506355
2506353
2506347
2506345
2506338
2506309
2506306
2506300
2506229
2506225
2506221
2506219
2506215
2506200
2506190
2506167
2506154
2505929
2502819
2502818
2502817
2502265
2500171
2499524
2498841
2498208
2497560
2497327
2494728
2494720
2494382
2494380
2493501
2493208
2491659
2490808
2490805
2490803
2488821
2488815
2488300
2487445
2486699
2486696
2486643
2486181
2486113
2485821
2484126
2483235
2483201
2483199
2482917
2479497
2448416
2448407
2448248
2421314
2421310
2419521
2340800
2340793
2340785
2339185
2336741
2320806
2320805
2320514
2316906
2316662
2316381
2315349
2315209
2306631
2306624
2305510
2305509
2305503
2304653
2304465
2304349
2304164
2303659
2303548
2303547
2303422
2303386
2302916
2302914
2293724
2291670
2291634
2283623
2283557
2283536
2283474
2282856
2282379
2268736
2268734
2267647
2267637
2267247
2267217
2259659
2259523
2259179
2231154
2231117
2230906
2230716
2230659
2219861
2219812
2217852
2213233
2203892
2203273
2203271
2201464
2185084
2174413
2174330
2173158
2170310
2163034
2161651
2152939
2152840
2138134
2137602
2137592
2137288
2134067
2127042
2126536
2126535
2126447
2126268
2126264
2126259
2126255
2126250
2126248
2126174
2109565
2108098
2107684
2094175
2094174
2094173
2094172
2086667
2086659
2083069
2081632
2081489
2080624
2080621
2080620
2080271
2080220
2079183
2079166
2074130
2073148
2071689
2070546
2070454
2069449
2066970
2066032
2065790
2065411
2060785
2059669
2059483
2058953
2058952
2058951
2058950
2058394
2058189
2058188
2058187
2057244
2057231
2057206
2056606
2056605
2056604
2056028
2055822
2055126
2055125
2054878
2053914
2053835
2053820
2053310
2053061
2052955
2052920
2051558
2051556
2050023
2049334
2049325
2049323
2049013
2049011
2048595
2048592
2048565
2048562
2045500
2045492
2045401
2045268
2045116
2045112
2045111
2045110
2045108
2044796
2041766
2041615
2040510
2040454
2040448
2040252
2040250
2038102
2037945
2037943
2037942
2037941
2036880
2036685
2035043
2034760
2034310
2033803
2033019
2027452
2027450
2026934
2026177
2025987
2025871
2025850
2025848
2025846
2025780
2025515
2023692
2023684
2022781
2022779
2022476
2022333
2021966
2021963
2021640
2019512
2018063
2018054
2012475
2010929
2010924
2010214
2008738
2008728
2008718
2008713
2008707
2008681
2008678
2008663
2008658
2008424
2008385
2007273
2007212
2007207
2007205
2007181
2006981
2006975
2006550
2005787
2005781
2005778
2005775
2005766
2005764
2005761
2005746
2004842
2004640
1988037
1986987
1986107
1985154
1984870
1983445
1982659
1979876
1978517
1978332
1978310
1974331
1973065
1972852
1972847
1969532
1967945
1967300
1965232
1963851
1961826
1960793
1960774
1960772
1960712
1960701
1960692
1955431
1955419
1954222
1954218
1953177
1952198
1951591
1948891
1941446
1940604
1940560
1938521
1938511
1938507
1938472
1938467
1938455
1938454
1938453
1938445
1938442
1936980
1936979
1936978
1935456
1934314
1933020
1930240
1930008
1929014
1928726
1928485
1926396
1925537
1925418
1925415
1925331
1925000
1923865
1923863
1923837
1921543
1921020
1920525
1919069
1917379
1917369
1917090
1917068
1917046
1917037
1917033
1917031
1917028
1917024
1916395
1916394
1914292
1912357
1912067
1911809
1911607
1911561
1909398
1909271
1908695
1906843
1903575
1899547
1897735
1897723
1897722
1897721
1897720
1896766
1895476
1895397
1895335
1895287
1895018
1892579
1892432
1892414
1890388
1887615
1886674
1886618
1885054
1884993
1884863
1883423
1883118
1882359
1882353
1882346
1881135
1881122
1880622
1880599
1879030
1874780
1874395
1874202
1872690
1871496
1871453
1871444
1870745
1868462
1868460
1868454
1867836
1866279
1864619
1864613
1864605
1864601
1862710
1862315
1858740
1857751
1856771
1856764
1856112
1853743
1852974
1852268
1852262
1852259
1852256
1852245
1852239
1852165
1851120
1849352
1848537
1848511
1844089
1843398
1841647
1841645
1841640
1841615
1841614
1841608
1840511
1840158
1838033
1838000
1828477
1827019
1825902
1825604
1824956
1824840
1819325
1819323
1819310
1818108
1818017
1815474
1815473
1815472
1810451
1810448
1810340
1808301
1807720
1805969
1805495
1804150
1799510
1798820
1798042
1796603
1795047
1789649
1789646
1789644
1789642
1785972
1779844
1779447
1777967
1777959
1776299
1765071
1764571
1764265
1758751
1752049
1748542
1745946
1742425
1740959
1740091
1736123
1734385
1732441
1729147
1729135
1725053
1720971
1718853
1718790
1715698
1712026
1709327
1706451
1704136
1703173
1702222
1701750
1699796
1697154
1697150
1696530
1696527
1696522
1696167
1696155
1689236
1689220
1685976
1683423
1683419
1683417
1680911
1680544
1677989
1677921
1673731
1665473
1664301
1664299
1663099
1662584
1661774
1661695
1659762
1659756
1659754
1659728
1659725
1659722
1659698
1659684
1659680
1659673
1659668
1659665
1659661
1659659
1659657
1659654
1658510
1658273
1656904
1656266
1656253
1656252
1656251
1655540
1655004
1655002
1654999
1654994
1654986
1654977
1654807
1653391
1652799
1652646
1652644
1652542
1651961
1649286
1649270
1647382
1646547
1646343
1646342
1643672
1643552
1643541
1643539
1643535
1641714
1641412
1637723
1635158
1635107
1635103
1629882
1629877
1628736
1628734
1627866
1622032
1622028
1620462
1620386
1618012
1611286
1610577
1608455
1608358
1607856
1607783
1604862
1604039
1603441
1591237
1590143
1590141
1590114
1588899
1588897
1588894
1588890
1588883
1583062
1582915
1582280
1577724
1577083
1576586
1576335
1574459
1574442
1574290
1573246
1572423
1572418
1572405
1572401
1572363
1572357
1572352
1563189
1563186
1562368
1561962
1561718
1561716
1560718
1560365
1559990
1552976
1551409
1551406
1550893
1550534
1550371
1548135
1545753
1543680
1543677
1542311
1539916
1539136
1538791
1538789
1538783
1538758
1538467
1537161
1537143
1536792
1535424
1535354
1535347
1535335
1529381
1529378
1529369
1529359
1525728
1522270
1521733
1521724
1521706
1521704
1521702
1521699
1521697
1520145
1518539
1515094
1515084
1515083
1513334
1510015
1508636
1507187
1506557
1506555
1505962
1505651
1505584
1503926
1503764
1502661
1502660
1502110
1502108
1502106
1502096
1501513
1501374
1499983
1498217
1498215
1497870
1497577
1497426
1495887
1495885
1495611
1495609
1492286
1490965
1490962
1487823
1487715
1486916
1486888
1486645
1485195
1485082
1484338
1484335
1483956
1482939
1482872
1482315
1478978
1478227
1477013
1476394
1472688
1472647
1472494
1470208
1469145
1463548
1463229
1461605
1457167
1454052
1450338
1449889
1448052
1448050
1443143
1437519
1435009
1435004
1435002
1434919
1432540
1432143
1431834
1431827
1431127
1427720
1425344
1424650
1424647
1421432
1421213
1418015
1416936
1415792
1415746
1415215
1413811
1413789
1410042
1408786
1408195
1407742
1407634
1407126
1407124
1407007
1406357
1406356
1405808
1405802
1405797
1405794
1405793
1403801
1402903
1401993
1401266
1399958
1399954
1398508
1398151
1398095
1395582
1395576
1395559
1390217
1389942
1383264
1382338
1367512
1367439
1364882
1364880
1350384
1348974
1348416
1348414
1348412
1348391
1348388
1348386
1348341
1348329
1346500
1346288
1344036
1340055
1339217
1337759
1336488
1335018
1334980
1334974
1334956
1334923
1334560
1334558
1334552
1334546
1334542
1334520
1334517
1334513
1332241
1332039
1331975
1331745
1329071
1329066
1328948
1328806
1328802
1324582
1323581
1316447
1315255
1314682
1313214
1310126
1308467
1301340
1299437
1299436
1299435
1299434
1299432
1299430
1298952
1298949
1298772
1298770
1298760
1298758
1298374
1298368
1298366
1298354
1298352
1295179
1293581
1293579
1292966
1292963
1292959
1292460
1292369
1292363
1292362
1291488
1291204
1291203
1291202
1290809
1289216
1289215
1289214
1289213
1288895
1287651
1287650
1287486
1282790
1280930
1280310
1275945
1273542
1272412
1272409
1272318
1272316
1272270
1272267
1271892
1271887
1269972
1264051
1261581
1261579
1261573
1261570
1260550
1260549
1260114
1260107
1259758
1258749
1258719
1258716
1258714
1249678
1249562
1246681
1243176
1242873
1242273
1241962
1240984
1239419
1239209
1238680
1238574
1237874
1236002
1235895
1234820
1234423
1233513
1233105
1233103
1232725
1231708
1231705
1230329
1230326
1230323
1230319
1230257
1230129
1230114
1230110
1230101
1230093
1229733
1229647
1229642
1227931
1223239
1223238
1218663
1217112
1217108
1214250
1213617
1212497
1212495
1211399
1209074
1206315
1204733
1204432
1199100
1197882
1197751
1197254
1197251
1196154
1191179
1182204
1181712
1176436
1176392
1176382
1176358
1176323
1176320
1176038
1174531
1174524
1173383
1173382
1173324
1170560
1170557
1170555
1170552
1170547
1170545
1170543
1170438
1170430
1169538
1169116
1169110
1169107
1169106
1169105
1166916
1165382
1165380
1165355
1163536
1162809
1162738
1162084
1158267
1158034
1148059
1147770
1147702
1144921
1144387
1144345
1142979
1142962
1137086
1136807
1132837
1132512
1131321
1130125
1129787
1129783
1129412
1129378
1127416
1127414
1127402
1127221
1127219
1127214
1127212
1127210
1127207
1127204
1127201
1127139
1127135
1127132
1127113
1127104
1127102
1127099
1123715
1120495
1118494
1118042
1117396
1117395
1117216
1117029
1117026
1115748
1115742
1115728
1115726
1115723
1115532
1115525
1111040
1109401
1109116
1108960
1108957
1108640
1108493
1108073
1104430
1104314
1094583
1094581
1094579
1094566
1092570
1090588
1090112
1089792
1088690
1086047
1086041
1084708
1082599
1082341
1081703
1081496
1078851
1078848
1078833
1077404
1077396
1076757
1075832
1074835
1074215
1072584
1072579
1072573
1072564
1072174
1071521
1069229
1065495
1065485
1056809
1056107
1054989
1054986
1054396
1054393
1054390
1054386
1051643
1051375
1051371
1051368
1051366
1051363
1050100
1050074
1050071
1050069
1050065
1049792
1049758
1046569
1046026
1042814
1042545
1041879
1040653
1038838
1037069
1036744
1035510
1035508
1035505
1034614
1034479
1034477
1034309
1032744
1030615
1030612
1030387
1027631
1009718
1008952
1005898
1004045
1003337
1003331
1003326
1003320
1003317
1003313
1003206
1003203
1003197
1003174
1003148
1003143
1003136
1003111
1003107
1003093
1003083
1003074
1003070
1003065
1003063
1003045
1003041
1003038
1003035
1003032
1003030
1003028
1003026
1003013
1003010
1002333
1002331
1002329
1002231
1002225
1002224
1001743
998818
998814
998811
998809
998804
998798
998140
998136
998129
998127
998123
997930
997818
997603
997601
997574
994389
993382
993359
990648
990235
990232
990192
990188
990177
990174
990152
987160
987158
987155
986737
986705
985834
985832
985830
984945
984057
983658
983317
981201
979668
979662
948560
947096
947089
947084
944615
944433
944427
941923
941920
941459
941343
941247
940127
938126
932711
931253
929579
926445
926347
915458
915294
915267
913972
912664
909747
909746
909416
908849
907535
904402
904391
904390
904389
904362
889454
884664
882007
881948
881007
880989
880756
877968
877582
877559
876698
875622
875619
873537
871655
871272
868779
867923
864285
864283
864186
863765
862252
862248
862231
860647
860645
860637
860632
860623
860621
860619
860609
859215
858355
857028
798523
797121
797088
796372
796369
796362
795339
795115
768687
767766
766107
765870
765392
764109
763933
763929
763926
758567
756403
756397
756392
756390
756383
754197
754192
753683
753681
753679
753676
748723
748683
748560
740978
723909
722752
717904
717901
717672
717669
717667
717094
717090
717083
717074
717072
717070
717062
715497
715296
710655
710540
710538
708054
707169
707167
706575
703608
703564
703035
700917
700703
699234
699223
698874
698475
696476
696132
696071
693951
693930
693923
693919
693870
693630
693448
693445
693441
693438
693420
693283
693160
693154
693142
693139
692911
692884
692530
692524
692522
691882
689362
686993
686739
683363
681983
681549
681546
681103
680464
680462
675830
674483
674480
674478
674459
673112
672927
672022
670781
670094
669199
668550
668365
668363
668361
668359
668357
666386
665866
664167
663228
662457
661322
661164
661161
661159
661030
659332
659330
658121
658076
657281
655749
652933
652929
652709
652657
651458
651421
651419
651390
650335
650332
650330
650298
650294
650291
650288
650285
650282
650270
650118
650051
647365
647338
647326
645528
644269
643631
641226
641224
641216
641210
638344
638337
638334
634751
634750
634748
633165
633158
632149
630701
630188
629712
629710
626140
621009
614058
614049
604142
604139
592674
590648
590123
590121
590102
590100
589515
587473
587283
587063
584902
584886
584654
579147
577620
577507
577503
577498
575869
573975
573329
572310
572138
572136
569950
568904
568902
566468
566463
563838
563074
561875
561873
561867
561865
561168
557872
555755
553374
552663
552360
551668
550772
550464
550463
544398
544394
542675
541017
539820
538193
538192
536899
536896
536615
536612
536608
536602
536600
536598
536596
536592
536590
534454
531992
531987
530539
529927
527217
526558
525894
525768
524899
524896
524894
524188
524186
519230
517359
515610
515469
515467
515465
515463
515460
513284
513282
513280
513214
513203
512343
510608
508196
508193
508040
508037
508032
508013
507999
507872
505993
505991
505986
505717
505692
502722
502091
502089
502083
500583
499622
499614
499114
499109
499107
498766
498011
498007
498003
498001
497730
497728
497706
497701
497345
496875
492102
491933
491932
490353
487667
486731
485443
485359
485356
485329
482402
482232
479471
479264
478574
476201
473816
472930
470589
470006
469633
468935
468905
467778
467175
467022
467020
467014
466171
464688
464286
463365
463363
463361
461276
461193
461190
461184
461182
461180
461177
461175
460886
460188
459517
459300
459297
459275
459269
459267
459264
459256
459236
459234
459039
457378
457373
450819
450634
449403
449170
449168
449146
449129
448034
447215
447207
446135
445244
444704
443637
442729
442715
442702
442699
442664
439866
439777
439552
439545
439543
436067
435892
435889
435427
435422
435419
435414
435409
434029
433947
433415
432550
432304
432301
431390
431369
431367
431357
431342
431323
428605
428326
427906
427905
427904
427894
427766
426677
426675
426670
426668
426661
426656
426649
426024
425810
425806
425789
425075
425068
424812
424538
424503
423614
421926
420972
420634
420614
420606
420539
420535
420276
420263
419286
418944
418942
418936
418243
417196
416807
415604
415185
414971
414395
413939
413937
412163
412159
412006
410737
410619
410617
409612
408201
408071
406724
405750
405570
402893
402579
400981
400979
400754
400102
398548
397495
397338
397060
397058
396410
395881
392845
392299
391243
391065
391042
390786
388231
388227
388027
385033
385031
385023
382709
382707
382381
382378
382376
381757
381755
381703
381416
381414
379357
379354
379344
376790
376363
376357
376278
376269
375588
375584
375582
375453
374113
374046
373141
373137
373099
373097
373092
373041
372085
371976
371973
371968
371965
371951
370578
369783
369781
369777
369748
368083
367117
367114
367043
366610
366607
366604
366600
366597
366595
366591
366587
366544
366536
363324
362822
362238
362234
362232
362229
362227
361669
361667
361665
361425
360024
359392
358187
358026
358024
358018
358016
356897
356781
354440
354201
352447
350843
349982
348447
348039
346246
346244
346228
343528
342562
340707
340369
340205
340203
340199
340084
340077
339967
339962
339607
339602
338343
336841
336693
335372
333301
333132
332499
332496
332494
332492
332490
332488
332486
332482
332304
332300
332298
332217
332215
331615
331061
331054
331050
331047
331043
331039
330973
330137
329478
329476
328986
327985
327390
327388
327053
327049
326571
326569
326258
326256
326254
326252
326250
326148
326140
326076
325648
325646
325644
325274
325270
325264
325262
325260
325258
325061
324856
324129
324127
321420
320782
320443
320439
319518
318543
318540
318537
318534
318531
318527
318525
318075
313617
313578
313557
313276
312848
312470
311572
311389
311385
311319
310813
310809
310678
309741
309739
309736
309722
309361
309357
308882
307506
306058
305820
304620
304616
304582
304052
303461
303457
302781
302479
302392
302102
300238
300233
299903
299900
299888
299834
299832
299576
299219
299205
299203
298870
298266
296675
296669
293815
292727
291965
291392
289937
289936
289935
289933
289932
289931
289480
289477
286110
286102
286098
285702
285698
285688
285685
285088
285028
284940
284809
284804
284741
284065
284063
284058
283664
283646
282687
282365
282362
282359
282356
282354
282352
282350
282347
282339
281459
281026
279579
279126
279124
278985
278982
278978
278831
278821
278124
278120
278117
278114
274054
274052
274050
274048
273906
272152
272143
271691
271678
271399
270668
269633
268826
268822
268582
268580
268577
268574
268571
268565
268563
268561
268529
268525
268521
268487
267819
266822
266049
265894
265597
265589
265583
265580
265578
265574
265571
265567
265542
265539
265536
265531
264715
262510
262508
262504
261841
261839
261836
261723
260092
259826
259824
259046
259044
259028
259026
258835
258580
258030
257614
257606
257604
257602
257599
257594
257591
257587
257584
257576
257574
257570
257565
257563
257560
257553
257550
257548
257546
257544
256429
256039
256023
252156
251745
251740
251735
251733
251729
251727
251725
251718
251716
251713
251330
248900
247501
247498
247496
247494
247153
246725
246722
246122
246120
245902
245178
244809
244731
244125
243195
243165
242837
242548
242546
242544
242540
242060
241603
241422
241239
241067
240579
240577
240574
240568
240565
240563
240561
240455
240430
240429
240369
240367
240358
239360
239170
239168
239159
239143
238907
238904
238900
238797
238792
238788
238781
238775
238772
238770
238766
238762
238760
238754
238751
238745
238095
237170
236786
235493
235168
233770
232896
232858
232853
232852
232513
231756
231753
231750
231079
231077
230838
230743
230560
230558
230556
230414
230408
229671
228970
228268
228263
228261
227972
227448
227313
227146
227085
225099
225065
223572
223569
222439
221932
221825
221820
221723
221544
220630
220109
220107
219850
219840
219836
219615
219613
219167
218847
218664
218659
218657
218546
218542
218450
218444
217485
217477
217212
217210
216974
216907
216891
216821
216819
216800
216797
216789
216776
216765
216759
216756
216753
216746
216744
216740
216736
216733
216727
216724
216715
216616
216032
215585
212534
212517
212514
212512
212509
212505
212494
212493
212492
212491
212490
212489
212488
212487
212486
212484
212448
211661
211641
211637
211462
211108
211106
211027
211021
211015
210851
210842
210734
210732
210619
210617
210615
210613
210610
210608
210601
210599
210597
210588
210452
210446
210443
209398
208473
207659
205401
205399
205395
204990
204424
204421
204418
204413
204411
204409
204407
204399
203426
203418
203414
203411
203409
203405
203398
203394
203141
202683
202680
202678
201152
200890
200888
200606
200427
200419
199294
198478
197903
197896
197893
197876
197847
197843
197836
197834
197760
197752
197535
197524
197320
196930
196923
196919
196918
196637
196592
196370
196140
196004
195999
195973
195968
195966
195944
195537
195536
195503
195009
194695
194529
193546
193543
193541
193347
193185
193183
193181
193076
192874
192386
192085
192076
192013
191672
191584
191392
191123
191045
190710
190708
190324
190056
189816
189651
189647
189645
189643
189641
189639
189637
189635
189633
189465
189437
189435
189429
189427
189350
189346
188979
188977
188976
188975
188972
188970
188966
188949
188945
188942
188557
188540
188048
187661
187457
186759
186753
186042
186035
186033
186024
186019
185803
185801
185796
185694
185581
185013
185005
184532
184530
184513
184507
184505
184493
184489
184464
184462
183316
183308
182089
182086
181652
181650
181620
181585
181551
181546
181205
180939
180814
179865
179862
179400
179282
178377
178374
178371
178367
178365
178363
177938
177372
177250
177086
176238
173552
173549
173547
173494
173493
173470
173467
173461
173459
173456
173453
173451
173449
173379
173374
173372
173369
173032
172821
172670
172668
172018
170436
170434
170392
169789
169787
169785
169783
169781
169779
169777
169157
169155
168819
168256
168253
168250
168247
168243
168241
168138
168131
167975
167960
167771
167769
167767
167537
167534
166957
166955
166514
165426
165424
165422
164620
164127
164104
164101
164099
164096
164095
164094
164093
164087
164085
164081
164077
164074
164069
163658
163515
163352
163349
163347
163345
163332
163330
163326
163322
163308
163306
163104
163097
162319
162316
162131
162129
162127
162075
162072
162061
162057
162056
162051
160821
160751
160622
160620
160618
160616
160614
160598
160356
160075
159869
159867
159865
159863
159861
159726
159724
159719
159597
159595
159509
159504
159502
159341
159316
158895
158711
158709
158707
158705
158703
158701
158699
158697
158695
158693
158691
158689
158680
158678
158676
158674
158666
158664
158661
158659
158657
158655
158378
157684
157127
157125
157015
157013
157008
157006
157004
157002
157000
156998
156229
156215
156193
156132
155557
155555
155202
155142
154967
153905
153903
152461
152459
152458
152457
152456
152454
152451
152448
152446
152444
151736
151076
151025
149083
145474
143671
143452
143016
142788
142646
142517
142515
142513
142511
142509
142506
142504
142501
142498
142496
141715
141413
140243
140241
139982
139979
139858
138848
138668
138596
138174
138172
138168
137624
137620
137616
137465
137418
136832
136792
136790
136788
136786
136498
136463
136461
136458
136455
136453
136451
136449
136365
136088
135587
135491
135478
135475
135472
135267
135261
134688
134684
134682
134679
134557
133524
133522
133520
133518
133516
133513
133426
133407
132686
132189
132187
132185
131102
131098
131069
131067
131065
131063
131061
131059
131057
131055
131053
131051
131049
131047
131045
131041
131039
130996
130994
130992
130990
130988
130986
130983
130980
130978
130976
130975
130974
130877
130733
128538
128536
128464
128072
128070
128068
128064
128062
128060
128058
128055
127914
127565
127561
127548
127546
127540
127445
127226
127149
127147
126838
126727
126668
126665
125970
125640
124429
123986
122941
122416
122414
121087
121085
121083
121066
121063
120752
120750
120746
120744
120422
120410
120403
120399
119496
118262
118241
118221
118009
118007
118002
117815
117524
117522
116072
116069
116067
116064
116062
114680
114253
114064
114063
113525
113523
113519
112505
112093
112069
112067
112065
112063
112058
112054
112052
111860
111459
110919
110787
110669
110509
110476
110474
110472
110470
110468
110465
110458
110371
110315
109236
109051
106536
106534
106392
106390
106202
105413
105411
105408
105406
105403
104656
104535
104532
104530
104092
104088
104085
104082
103982
103711
103358
103356
103346
103341
102909
102168
101925
101923
101921
101918
101716
101492
100873
100862
100860
100130
99925
99923
99921
99914
99900
99898
99157
98370
98071
98069
98067
98065
98063
98059
98057
98054
98052
98047
97494
97491
97341
97226
97204
97152
97149
97147
97104
96907
96790
96787
96783
96503
96476
96335
96332
95529
95527
95228
94775
94773
94702
94671
94642
94616
94298
94296
94294
94288
93834
92975
92971
92968
92127
92125
91990
91373
91354
91202
91195
91192
91189
91187
91059
91056
91053
91051
91047
91045
90894
90338
89956
89942
89380
89211
89043
88712
88573
88569
88562
88551
88427
88425
88420
88418
88416
88414
88359
88270
88166
87833
87538
87247
87245
87243
87160
87158
87156
87153
87143
87110
87092
86909
86907
86905
86903
86901
86897
86895
86892
86890
86887
86884
86872
86869
86656
86636
86280
86017
85905
85902
85899
85706
85695
85677
85464
85045
84968
83913
83373
83370
82999
82845
82842
82539
82370
82368
82290
82165
82160
82137
81842
81618
81616
81614
81612
81610
81608
81606
81604
81602
81599
81597
81595
81593
81591
81589
81534
81532
81530
81527
81525
81099
79946
79897
79893
79754
79323
79258
78882
78551
78392
78181
77930
77924
77921
77566
77521
77299
77083
77033
76829
76790
76312
75802
75800
75741
75327
74907
74819
74559
74556
74477
74474
74470
74380
74378
74102
74100
74098
74097
74096
74094
74025
73914
73024
73021
73018
72553
72198
72018
71593
71590
71587
71584
71000
70837
70742
70451
70447
70185
70183
70074
69040
69032
67960
67957
67915
67912
67902
67899
67808
67475
66846
66843
66799
66795
66793
66526
66472
66470
66381
66289
66221
65594
65591
65589
65585
65580
65356
65007
64922
64921
64920
64917
64916
64914
64912
64910
64909
64908
64906
64705
64704
63682
63681
63627
63604
63602
63600
63596
63594
63413
63411
63335
63333
62966
62685
62317
62315
60849
60690
60594
60005
60002
59998
59811
59796
58155
57512
57510
57508
57504
56625
56465
56461
56451
56012
56007
56005
56003
56001
55998
55996
55993
55991
55989
55725
55586
55584
55528
55412
55408
55401
55305
55303
55195
54902
54406
54404
54107
53264
52968
52966
52963
52961
52687
52680
52678
52676
52558
52240
52033
52031
52027
51727
51711
51708
51640
51333
51323
51321
51319
51038
50952
50949
50043
50036
49979
49977
49259
49257
49254
49251
49248
49245
49242
49237
49233
49230
48979
48976
48973
48971
48969
48967
48961
48958
48956
48954
48950
48947
48945
48940
48614
48612
48607
48605
48601
48598
48482
48071
47933
47895
47893
47891
47888
47797
47795
47792
47789
47780
47778
47772
47667
47572
47284
46951
46949
46946
46461
46432
46138
46136
46133
46131
46129
46083
46081
46079
46077
46025
45994
45992
45990
45883
45762
45652
45366
45364
45156
45115
45109
45106
45099
45033
44997
44978
44744
44655
44653
44649
44566
44450
44439
44437
44435
44433
44431
44429
44427
44417
44057
44055
43951
43949
43944
43942
43940
43938
43936
43933
43931
43694
43351
42803
42801
42796
42765
42748
42745
42697
42695
42479
42462
42383
42022
42020
42018
42015
42013
42010
42001
41998
41953
41883
41881
41876
41874
41685
41682
41455
41453
41119
40980
40814
40810
40805
40641
40637
40635
40632
40525
40403
40389
40332
40329
40327
39954
39842
39716
39713
39709
39627
39625
39622
39593
39580
39577
39575
39573
39571
39463
39460
39458
39436
39248
39064
39062
39048
38835
38832
38823
38821
38818
38816
38559
38557
38554
38552
38550
38543
38532
38530
38528
38513
38511
38481
38479
38381
38379
38377
38375
38367
38365
38363
38359
38337
38334
38332
38330
38328
38326
38268
38264
38258
38078
37933
37867
37866
37473
37389
37384
37359
37355
37353
37351
37306
37203
37101
37098
37096
37091
36882
36880
36769
35868
35866
35864
35860
35858
35856
35854
35852
35686
35683
35681
35678
35676
35673
35225
35216
35211
35209
35205
35201
35199
35197
35194
35191
35172
35169
35167
35165
35162
35160
35158
35154
35152
35150
35148
35143
35140
35138
35134
35133
35129
35127
35124
35121
35116
35112
35109
35106
35103
35099
35096
35092
35089
34156
34147
34145
34143
34141
34139
34137
34125
34122
34120
34118
34114
34111
33675
33664
33661
33656
33652
33648
33646
33644
33641
33639
33637
33106
33100
33098
33096
33094
33091
32601
31499
31495
31493
31489
31487
31485
31479
31475
31473
31466
31463
31460
31456
31454
31451
31448
31446
31444
31442
31439
31437
31431
31428
31425
31422
31420
31418
31416
31413
31410
31397
31392
31390
31389
31388
31384
31382
31380
31378
31375
31368
31366
31359
31357
31353
31346
31339
31335
31332
31324
31320
31317
31315
31311
31295
31289
31279
29646
29242
29240
29238
29228
29226
29224
29218
29214
29206
29203
29198
29193
29189
29187
29183
29181
29175
28866
28864
28859
28857
28022
28019
28013
28011
28004
28000
27995
27966
27964
27962
27959
27956
27953
27951
27947
27943
27941
27939
13786
13782
13778
13641
13607
13567
13220
13157
12967
6027
6025
6018
6013
6008
6003
5996
5993
5991
5986
5981
5979
5973
5964
5962
5959
5955
5948
5943
5935
5931
5926
5890
5884
5882
5873
5864
5820
5812
5810
5806
5800
5792
5790
5782
5777
5774
5770
5768
5761
5758
5754
5748
5740
5736
5734
5731
5729
5727
5723
5721
5714
5712
5709
5706
5703
5690
5683
5658
5655
4880
4802
4797
4783
4780
4778
4774
4772
4769
4765
3191
3189
3187
3185
3179
3174
3170
3164
3162
3158
3155
3148
3143
3139
3136
3132
3128
3123
3118
3110
3108
3106
3104
3101
3098
3091
3087
3071
3066
3063
3052
3049
3044
3038
3036
3033
3030
3028
3025
3021
3017
3015
3011
3006
3004
3002
2999
2997
2995
2991
2988
2985
2980
2976
2971
2968
2965
2962
2960
2955
2949
2944
2940
2924
2922
2918
2915
2912
2905
2902
2897
2892
2888
2882
2879
2875
2871
2867
2865
2862
2857
2852
2849
2842
2838
2834
2831
2828
2823
2821
2815
2811
2809
2804
2800
2794
2791
2784
2781
2774
2772
2770
2768
2766
2764
2761
