3004450
3004208
2990458
2871091
2820408
2816457
2816136
2816131
2806170
2797540
2779609
2730723
2730722
2704063
2692249
2687318
2686031
2683628
2682552
2681632
2681631
2605334
2604337
2598132
2582693
2576467
2315759
2304343
2302911
2302852
2233521
2231722
2231462
2219693
2219692
2219690
2212732
2212704
2212703
2212702
2203428
2202807
2202803
2201463
2172820
2082883
2082881
1927913
1919246
1892577
1871466
1798830
1736114
1708517
1684132
1659748
1538075
1538065
1524962
1521260
1498967
1485085
1421718
1401294
1399770
1399769
1399768
1338366
1315720
1293512
1280412
1249559
1242998
1217819
1075807
1055546
1035538
1004930
930023
663566
661027
658449
589449
569577
557229
452332
452283
451460
451455
451454
451435
446134
432025
432005
432004
432003
432002
431957
422676
404265
404263
402711
402688
402684
358446
315355
310836
304574
304573
285691
241806
238765
231996
214506
195505
194287
193537
190566
189478
189477
186771
186770
186623
178078
166384
162484
162481
162480
157124
155619
155616
147556
147555
147554
147553
147550
147549
147548
147547
147545
147541
147539
147100
142796
140493
131220
131213
131209
127916
119089
119088
117569
117565
116172
115371
115366
115361
113511
113510
113509
113508
113507
97264
96475
91989
89368
84343
82162
80999
75966
72040
72039
72037
65582
65574
63448
62907
61986
60882
58019
57294
54900
52919
50557
45085
45080
42813
42382
42242
42113
40674
39236
39119
38410
38254
37945
37471
35675
35581
35422
35069
34517
33859
33853
33849
33836
33829
33827
33627
33103
32584
30304
30302
30001
29999
29811
29197
28009
27929
10233
10220
10206
8782
8504
8292
7777
7713
7705
7625
7618
7588
7553
7540
6854
6844
6681
6670
6658
6650
6605
6544
6448
6433
6341
6225
6218
6199
6178
6142
6137
6101
6074
6042
6020
6015
6000
5988
5977
5747
5653
5257
4891
3398
3372
3296
3214
3166
3035
3027
2870
2864
2833
2825
2806
2797
