287
292
301
340
359
470
511
549
571
573
585
633
672
747
758
2011
2012
2340
2342
2711
3067
3218
3641
3649
3656
3659
3694
3702
3711
3712
3750
3760
3827
3847
3880
3885
3983
3988
4006
4081
4096
4098
4113
4155
4432
4513
4529
4530
4533
4536
4537
4538
4555
4558
4565
4572
4577
4641
4896
4897
4899
4909
4920
4922
4924
4929
4932
4950
4952
4956
4959
5011
5016
5017
5022
5037
5039
5057
5059
5061
5062
5111
5127
5141
5145
5147
5180
5207
5217
5270
5286
5297
5334
5341
5346
5465
5476
5478
5479
5480
5482
5501
5507
5518
5551
5693
5833
5850
5970
6087
6183
6211
6238
6239
6326
6334
6412
6500
6669
7029
7070
7091
7159
7165
7176
7209
7213
7217
7220
7222
7227
7230
7234
7237
7244
7245
7260
7370
7425
7460
7668
7719
7739
7897
7918
7955
7994
8010
8049
8081
8083
8090
8128
8153
8364
8469
8479
8496
8932
9031
9258
9305
9315
9361
9365
9371
9402
9478
9483
9541
9544
9555
9593
9597
9598
9601
9606
9612
9646
9668
9685
9694
9707
9713
9733
9739
9767
9778
9785
9818
9823
9913
9940
9978
9986
10029
10036
10042
10090
10116
10141
10160
10181
10224
10228
11122
11137
11138
11142
11149
11151
11153
11156
12663
12957
13037
13249
13333
13349
13616
13684
13735
15368
27288
27289
27337
27679
27923
28152
28176
28229
28258
28377
28532
28564
28583
28737
28985
29073
29078
29486
29495
29730
29760
29850
29875
29908
30611
31033
31234
31631
31870
32042
32264
32507
33169
33178
33188
33734
34349
34373
34506
34740
34839
35703
35720
35725
36033
36080
36630
36651
36870
36914
37682
37727
38033
38654
38727
39416
40127
40148
40149
40215
40373
40384
40483
40492
40559
41875
42068
42254
42345
42374
42565
43151
43179
43228
43229
45130
45151
45285
45351
45596
46429
48698
50452
51337
51453
51511
52644
53485
55207
55601
57918
59196
59463
59538
59689
59894
60711
61273
61459
61622
61647
61853
62977
63400
63402
63405
63418
63577
64363
65489
65672
66269
69279
69293
69319
69328
69781
71139
71421
72004
72228
72558
72658
72664
73501
76344
76869
77586
78398
78579
78898
79684
80637
80884
81824
81985
82508
82995
82996
83344
83406
84531
84751
85681
85929
85982
86049
87626
88036
89462
90371
90675
90813
90814
92637
93220
93612
94122
94624
95619
97096
101028
101162
101852
102107
103372
104355
104623
105559
106582
106648
107635
107636
107806
109478
109760
109871
113608
117187
118797
120017
121225
121759
123899
126957
128390
132113
132908
135651
136037
136993
140110
144197
148304
148960
155515
155864
156578
157783
158822
159450
160488
160492
160860
161934
162425
176275
176299
176946
177416
181119
185453
186490
187272
187303
190486
198214
198628
198804
199306
199310
202698
202952
202954
202955
202956
203122
203907
203908
204773
205914
205918
205922
207954
208960
209285
211586
214092
215358
216142
216591
216595
218491
218493
218851
220341
220664
221103
221988
223192
223283
223926
224914
224915
225117
225400
225849
225937
226899
227086
227377
227859
228399
229032
230237
232346
233412
234831
236097
237609
243159
243160
243233
243265
243277
243924
244447
245174
246195
246437
247633
247634
247639
259536
261317
263815
264402
264730
264951
266265
270374
272556
272560
272624
272942
273371
273526
277944
281687
283699
283942
290398
291112
291272
293227
297246
298386
303518
305900
310453
311403
312309
314275
314278
314282
314285
314287
314292
316273
316275
316407
317013
317025
318161
318167
318829
319224
321846
322710
323261
323850
325777
326297
326442
327079
335284
337075
339671
340170
342113
342610
343509
345073
347536
348824
349106
349124
349521
349965
349966
351348
351746
357804
360094
360393
360910
362663
364733
366649
371042
371731
372461
375286
376619
377629
379731
380358
380394
380703
381046
382245
383407
384676
390235
391008
391038
391615
392499
392500
393283
393305
393595
393767
395493
396588
396595
398527
398578
398579
399739
399741
399742
399795
400668
400682
404135
406817
406818
411464
412597
412965
413404
414684
416269
421052
424368
425104
430498
430998
432096
435908
436717
438753
439375
440512
443152
443239
454957
455436
457421
458817
465817
466088
469008
469595
470704
471874
471881
472759
474922
477184
477228
481805
482537
484022
487316
491952
492774
493475
494416
498211
500632
500637
500640
501479
502347
506534
509190
511062
511145
515618
517433
519989
520709
520999
521000
521719
522373
523791
525244
527002
529507
529818
543728
545264
545276
546275
550540
552467
553178
553217
553385
555778
555793
558884
561229
561230
561231
565045
566466
568076
568768
568817
570952
570967
571166
572265
572287
572290
572477
573569
574966
575564
575586
575588
575589
575788
579405
582744
587753
588596
588726
588932
589873
590409
591023
592316
593105
595494
598467
617140
626887
629265
630626
631362
634176
634499
634500
637389
637390
637905
637910
637911
640511
640513
642227
644801
655981
658187
658612
658930
661367
663321
665029
666685
667121
669262
674977
675806
675812
675813
675814
675815
675816
675817
676032
686340
686578
688245
690597
693444
693999
694001
694006
694007
694008
694569
696748
697282
698440
701176
701347
706191
710243
712898
713586
713587
715226
715451
716541
717772
717773
717774
722419
740709
741091
742159
743299
743720
743721
743836
743974
745014
745277
745411
746128
748658
751994
754331
754436
754476
754477
762983
765910
765911
765912
765913
765914
766792
767434
768066
768671
795666
796620
857087
857571
861208
862965
863365
864073
866546
870187
870967
871585
876044
882378
883126
885580
887898
891974
903503
910964
911008
911239
913325
925775
930166
930169
932213
932677
935565
935567
935863
936053
936136
945543
945550
946362
948565
981085
981223
981327
981336
983545
984962
990285
998088
998674
999141
999541
1001530
1001585
1003200
1004785
1005057
1005058
1005090
1005395
1005962
1005994
1005995
1005999
1006000
1006004
1007104
1009858
1026882
1026970
1027273
1028307
1028803
1028805
1028806
1029823
1033802
1034943
1035191
1035839
1036674
1038858
1038869
1038922
1041138
1041146
1041607
1042209
1042326
1042375
1042377
1042876
1045855
1045856
1046625
1046714
1046724
1047171
1048829
1049564
1051613
1051646
1054213
1055815
1056512
1056820
1071379
1073999
1076550
1080067
1082705
1082932
1085623
1089439
1089447
1090319
1090320
1094184
1094715
1095743
1095749
1096930
1108849
1109445
1111728
1111732
1112209
1112212
1112214
1112216
1112217
1114922
1114964
1114970
1115512
1115515
1116375
1116472
1117314
1117315
1117318
1117319
1117647
1117958
1118153
1118235
1120792
1120925
1120931
1120953
1120963
1120970
1120977
1120988
1120999
1121013
1121015
1121022
1121028
1121116
1121374
1121878
1121921
1121923
1121935
1121937
1121939
1121940
1121943
1122132
1122134
1122139
1122164
1122165
1122169
1122185
1122194
1122197
1122201
1122207
1122211
1122212
1122214
1122218
1122243
1122244
1122599
1122603
1122604
1122612
1122613
1122929
1122951
1123020
1123033
1123034
1123053
1123054
1123072
1123073
1123228
1123236
1123253
1123256
1123257
1123261
1123269
1123279
1123368
1123377
1123399
1123400
1123401
1123502
1123504
1123514
1123517
1123518
1123519
1124983
1124991
1127673
1128912
1129374
1129794
1131451
1131814
1134474
1134912
1136138
1136163
1137799
1141662
1141663
1142511
1144312
1144319
1144325
1144343
1144664
1144672
1149133
1151116
1151127
1156919
1157708
1158146
1158150
1158165
1158182
1158756
1158760
1158762
1159870
1159902
1159904
1159906
1159908
1160968
1163389
1163398
1163407
1163408
1163409
1163669
1166016
1166130
1166948
1168065
1168067
1173701
1174684
1177154
1177179
1177181
1178482
1179155
1179778
1182553
1182590
1187848
1188252
1188256
1190603
1190606
1191299
1191460
1195246
1196095
1196835
1197719
1198232
1200567
1201293
1202962
1205683
1205753
1205908
1206777
1207055
1207063
1207075
1207076
1208321
1208323
1209072
1211112
1211114
1211579
1212548
1214065
1215092
1215114
1216007
1216966
1217648
1217652
1217656
1217658
1217703
1217705
1217708
1217710
1217712
1217713
1217714
1217715
1218074
1218076
1218086
1218352
1219031
1219065
1219072
1219076
1219077
1219080
1219375
1221522
1224136
1224318
1225184
1225785
1226994
1229204
1229485
1230338
1230343
1231190
1232683
1234364
1236541
1236542
1238190
1238450
1240350
1241932
1245471
1246459
1247024
1247649
1247963
1248232
1249627
1249634
1255043
1260251
1263720
1263831
1264898
1265313
1265490
1265503
1265507
1266908
1266909
1266914
1266998
1267600
1268237
1268239
1268622
1268635
1269813
1278307
1278309
1278971
1279015
1279017
1279019
1280001
1281779
1282356
1283284
1283300
1283333
1286093
1286106
1286170
1288826
1294143
1298593
1298608
1298865
1300345
1301098
1304275
1307437
1316927
1316932
1318628
1323663
1328313
1331660
1332071
1333507
1333856
1335757
1336208
1336233
1336237
1336245
1341679
1344012
1348114
1348635
1354303
1357272
1357275
1357279
1380358
1380387
1384054
1384056
1385420
1385427
1385515
1385517
1387197
1388763
1390370
1392244
1392540
1392838
1395516
1395571
1396858
1397284
1397527
1397528
1399774
1408444
1408445
1410619
1410676
1411685
1415630
1415754
1415755
1415778
1415779
1415780
1417296
1419583
1423814
1429851
1432056
1433215
1433287
1434929
1437448
1437882
1439940
1440052
1441629
1441930
1442599
1443113
1444770
1448139
1449049
1449065
1452718
1453496
1453501
1453503
1454202
1461579
1469245
1470593
1472716
1479235
1479237
1479238
1484157
1484158
1488328
1492922
1495253
1499686
1500259
1500304
1500306
1500890
1500893
1500897
1504981
1508220
1509403
1510531
1515746
1517416
1517681
1523503
1524467
1535422
1537994
1541205
1547445
1552758
1561998
1565129
1577887