1000983
1006182
100933
101203
101493
102167
103340
1034604
1034627
1034813
1034818
1034828
1034829
1034830
1035634
1037580
1037909
1037912
1037919
1037933
1037944
105151
1076758
109970
111171
112026
112078
112082
112087
112090
112091
112092
112097
112098
1122280
1131
1133655
1144922
115417
115418
1193275
119481
1199099
120415
120416
120418
120419
120421
120423
1207352
1208233
1215681
1215984
122233
1249516
126839
1273174
127443
127444
1276067
1276173
1278266
128557
1287655
129353
129359
129364
130981
130987
1321669
13221
1326778
1326780
1326782
1328805
133487
133490
134686
134689
135496
13608
140046
140047
140048
1400587
142829
142830
142831
1431845
1442597
1448053
1461601
1461602
1486889
1500447
150590
1514140
1517497
1517498
1519560
1521755
1526603
154509
1577725
159317
160619
160621
1618013
163309
163317
166959
167442
167538
167850
1683230
1715697
1732443
173376
179863
179868
180228
183588
184522
184537
188355
1884190
1884248
1891026
190325
190327
1905722
1907791
1907792
1921133
1923966
1941195
195069
1955563
1955567
1955572
1973064
1993634
2003110
2004639
200886
2023062
202472
2026923
2041152
2047258
2052682
2071594
2081490
2081491
210441
210448
212535
2125992
2125995
2125998
2126166
215705
215708
216134
216927
217135
221442
225107
227983
229672
230516
2315413
2316510
2316632
231958
233184
233186
233187
2339217
2364126
236985
238746
238771
239731
241423
242550
2510444
2511165
251737
2528165
254933
257627
2589022
259834
2600164
2605704
2606886
261658
265552
267566
2678335
2679974
2681169
2692335
2703868
270643
2711123
2762
2795481
2797600
2801
2802992
2811679
2812485
2812566
2816969
282654
2829
2850
285082
2853155
2853288
2853289
2853303
2873653
2873770
2873796
2873797
2875801
289237
289602
289606
289615
289616
289618
289619
289625
2903
2905
29199
29204
29205
29207
292364
2925
2926
2943608
2945
2957
295837
2959
2961
29647
2969
298306
2989
299108
299109
29920
299392
3000
300846
303370
3039
3047
3048
304863
3055
306026
3075
307507
307511
307513
3077
3079
3082
3088
308883
3089
309358
3107
3125
31287
31303
31312
315533
3165
3181
325452
327064
327065
327391
327753
328281
328295
33097
33099
332125
33337
334524
334525
334529
33640
33642
33643
33645
33649
33658
34112
34116
34148
344402
346903
346904
35126
35128
35137
35144
35219
353565
35679
35688
360674
361067
361068
361069
361070
361071
361072
361073
361074
361075
361076
361077
361078
361079
361080
361081
361082
361083
361085
361087
361088
361089
361090
361091
361092
361093
361094
361095
361096
361097
361098
361114
361117
361118
361120
361122
361124
361426
36331
36770
36894
36898
37099
37318
37433
37553
38273
38274
38275
38817
38824
38833
38881
39448
39449
39450
39455
39714
40639
407018
407301
41045
41120
412158
413988
414120
41880
41888
418907
418910
424539
424540
42750
432300
43695
43925
43946
44267
44452
445571
44650
44689
459228
464287
47282
4766
4768
4770
47783
4785
4786
4787
4788
47904
4794
4799
49234
49246
49261
49265
49446
51329
51699
52035
52555
52688
52965
52970
529820
529821
53983
53985
55409
55410
55413
555749
55995
56002
56011
561169
561864
56452
5755
5757
5775
5778
5786
5787
588438
5886
60000
63136
63592
63597
63676
649474
65069
65070
655800
664150
66468
66844
66845
671091
67594
67781
686713
686731
686741
686750
687161
687948
69255
703019
70743
710656
71496
71746
71861
73019
73025
74084
745283
74790
75058
75804
764113
764115
764117
764118
76713
77548
77619
78237
79012
795112
797674
81807
81816
81817
82926
82934
82935
82936
82937
82946
82949
82950
82951
82952
83915
856889
876697
88167
882392
882400
889455
89044
89335
907947
92964
92972
92976
92981
93468
937591
944587
944635
945773
95229
95581
96504
96784
97485
98045
981202
981234
981262
984086
985831
