63592
37318
257627
166959
63136
41880
3082
3107
2081491
13221
2801
49265
33642
1941195
227983
39448
38273
55410
2081491
295837
2961
2945
2003110
233187
1955563
1923966
173376
2047258
1884248
133487
55409
2925
33645
1461601
985831
797674
1199099
876697
154509
34116
327064
52035
327391
216927
259834
555749
29207
2853155
71746
52688
300846
745283
55413
2816969
414120
67781
308883
73019
285082
1034830
655800
328281
2853288
2853289
561864
179863
889455
239731
56002
1249516
2802992
1035634
38824
63597
160621
1993634
2853303
37433
764115
764117
1034627
464287
55995
56011
1215984
166959
180228
229672
200886
74084
95229
242550
210441
33640
2126166
1715697
130981
332125
77548
29647
413988
984086
88167
3125
687161
135496
5775
39714
100933
81807
981202
2873796
98045
1034828
89044
1276173
42750
97485
60000
49234
2873653
122233
210448
1034818
1514140
686731
686750
344402
981262
63676
126839
44650
937591
1328805
130987
2589022
81817
424540
49246
1526603
2528165
2873797
2081490
95581
315533
41120
1884190
710656
2026923
795112
81816
34112
75804
529820
2606886
1273174
2873770
179868
1973064
74790
77619
163317
1207352
1683230
764113
52965
102167
353565
292364
1276067
2811679
2762
3077
76713
76713
76713
76713
76713
76713
76713
184537
407018
210441
2041152
1884248
33649
33640
97485
97485
97485
97485
97485
2003110
2850
36898
43946
309358
309358
309358
309358
309358
309358
309358
309358
309358
309358
309358
309358
309358
309358
309358
309358
309358
309358
309358
309358
309358
309358
309358
309358
309358
309358
309358
309358
309358
309358
309358
309358
309358
309358
309358
309358
309358
309358
309358
309358
309358
309358
309358
309358
309358
309358
309358
309358
309358
309358
309358
309358
309358
309358
309358
309358
309358
309358
309358
309358
309358
309358
309358
309358
309358
309358
309358
309358
309358
309358
309358
309358
309358
309358
309358
309358
309358
309358
309358
309358
309358
309358
309358
309358
309358
309358
309358
309358
309358
309358
309358
309358
309358
309358
309358
309358
309358
309358
309358
309358
309358
309358
309358
309358
309358
309358
309358
309358
309358
309358
309358
309358
309358
309358
309358
309358
309358
309358
309358
309358
309358
309358
309358
309358
309358
309358
309358
309358
309358
309358
309358
309358
112091
112092
2875801
92972
134686
334524
134689
92976
1618013
299392
111171
127444
115417
140046
2711123
2125998
4770
334525
327753
120423
4768
112026
4766
93468
112078
112082
112087
944587
112090
112091
112092
2875801
92972
92981
134686
92981
93468
44689
31287
120419
334524
134689
120421
92976
2692335
1431845
1618013
70743
70743
299392
29920
53983
4785
4786
4794
111171
53985
129364
78237
89335
4787
129353
325452
4788
129359
127443
67594
127444
65069
2125992
289606
65070
112097
82934
231958
82935
289616
82936
105151
82937
1448053
36331
115417
944635
289618
115418
289619
92964
289625
41045
49446
2125995
82946
140046
289602
2711123
140047
289615
2125998
82926
82949
82950
4799
140048
2052682
2052682
82951
907947
82952
120415
112098
120416
4770
334525
120418
327753
120419
37553
101203
334529
120423
2681169
1715697
285082
202472
1133655
49234
2873653
1034813
2873653
210441
210441
210441
210441
33640
33640
230516
122233
265552
33642
671091
49246
210448
33645
210448
210448
2315413
2041152
210448
327391
1034818
1923966
1034830
2850
2850
1884248
655800
2850
2850
216927
37318
37318
183588
259834
35126
29204
1526603
1907792
1907792
29207
1884190
2873770
49265
49261
1514140
655800
2126166
2126166
1500447
52035
47904
1006182
3055
257627
1208233
1034604
282654
1208233
2678335
2678335
1941195
179868
2961
2961
2961
2961
2961
2364126
2959
2926
227983
227983
39455
39455
2925
2926
2926
2926
2926
2926
2926
2926
2926
2926
2926
2926
2926
2926
2926
2926
39455
39455
39455
227983
2926
2853155
160621
160619
407301
71861
71861
71861
39448
2945
2364126
2945
2945
2945
2945
2945
2945
39448
39448
71746
83915
101493
101493
1921133
216134
299109
66845
215708
299108
167850
215705
38275
44267
38274
2071594
3039
69255
56452
1907791
96784
128557
135496
304863
1732443
150590
459228
103340
96504
1461601
55410
298306
35688
5755
5757
5775
38824
1215984
39714
1215681
239731
5778
5778
5755
239731
315533
63597
561864
1973064
561864
985831
1076758
166959
180228
2853303
703019
71496
229672
212535
200886
2853288
166959
166959
166959
74084
95229
2023062
95229
710656
242550
60000
60000
63136
41888
41888
588438
74790
74790
74790
74790
74790
74790
74790
5886
77619
109970
346903
346903
3047
346904
3048
41880
529821
529820
41120
75058
75058
100933
686731
686713
686741
42750
687161
686750
344402
31312
38833
981202
981262
981234
1273174
307513
307513
307513
2528165
2528165
307507
2873797
1519560
307511
307511
2081490
34112
52688
95581
1521755
3077
3077
289237
3082
2600164
2600164
3079
3077
3079
3077
3077
63676
3077
3075
464287
55409
55409
795112
300846
889455
745283
797674
126839
3107
44650
47783
47783
47282
51699
51699
876697
55413
307511
307511
179863
2026923
133487
3089
31303
3088
75804
81817
81816
1207352
55410
2802992
33097
33097
33097
163309
81807
81807
413988
937591
2873796
1328805
163317
163317
37433
29647
37433
159317
159317
1199099
56002
1249516
3125
1683230
764113
34148
34148
34116
154509
154509
764117
764117
764118
2943608
173376
1328805
55995
55995
1993634
56011
33099
33337
414120
52965
664150
188355
328295
328281
102167
51329
353565
130987
130987
77548
130981
2589022
2589022
2812566
2510444
1193275
445571
1517497
3165
1517498
1517498
1517498
1517498
445571
445571
445571
445571
1517497
63592
63592
63592
270643
270643
270643
270643
588438
2812566
445571
2812566
67781
67781
3181
332125
1461602
292364
184522
327065
327065
327064
1035634
2853289
38881
38881
308883
464287
464287
2606886
3039
43925
2511165
2511165
73019
73019
2679974
303370
2679974
2679974
1034828
1034828
3000
418907
418907
418907
1955563
424539
424540
2903
2903
37099
40639
37099
984086
2081491
2081491
88167
1034829
98045
36770
1276067
1276173
44452
44452
97485
37099
97485
2047258
13221
97485
35144
97485
2811679
89044
52555
52555
13221
13221
418907
13221
13221
52970
1326778
1326778
1326782
233186
233186
233187
233184
254933
295837
1955572
2762
66844
2801
35128
2926
38833
2926
2511165
2511165
2926
2926
2850
2850
2850
13608
2762
29205
424539
424539
424540
424540
424539
424540
424540
424539
2797600
424539
2797600
2797600
2797600
2957
225107
3000
2989
13608
38833
133490
2339217
43925
2850
418910
97485
1486889
2801
649474
2812566
2812566
2812566
2812566
2812566
2812566
2812566
2812566
2812566
2812566
2812566
2812566
2812566
2812566
2812566
2812566
1521755
1577725
1514140
33640
267566
37099
2903
2703868
1907792
561169
13221
1442597
216927
33640
3047
2047258
1955567
1955567
1955567
424540
424540
13221
418907
418907
2903
2903
2903
2903
361069
361082
361074
31287
167442
306026
236985
236985
361080
31287
5786
5786
361081
361072
142830
44689
79012
361076
361070
5787
361071
361089
361078
361068
361095
361083
361091
35219
361095
361097
361079
361087
361088
361073
361077
1037933
361096
360674
142831
361085
1037580
1037919
1037912
361094
361067
361098
361090
882400
261658
361124
261658
1037909
142829
142829
361114
361118
361093
361075
361117
1400587
882392
361122
361120
1037944
217135
361092
2316510
2850
2903
2812485
2812485
2812485
2812485
2812485
2812485
2903
37099
35137
2905
2905
44452
33658
13221
13221
13221
97485
424539
424539
418907
424539
13221
37099
265552
195069
1326780
2811679
2945
2969
1905722
2903
160619
39448
2903
39448
2903
39448
71861
2903
39455
2969
2945
52970
1131
945773
39450
2961
71861
407301
39449
71861
2795481
241423
39455
13608
687948
1486889
73025
35688
41888
2812566
270643
35679
36894
41880
2316632
3165
33640
2812566
2812566
2081491
2812566
97485
97485
35128
2812566
29199
2829
2801
39455
2903
2903
39455
39455
39455
29199
2945
412158
2903
2903
2903
2903
2903
2903
29199
2903
2903
2903
119481
2903
424539
3047
2903
1321669
2903
2903
2903
2811679
2811679
35144
35144
35144
221442
1000983
41880
1321669
2812485
38817
2903
38817
83915
1921133
56452
96784
304863
1732443
103340
66844
1326782
295837
221442
2829
2703868
561169
13221
418907
687948
2969
37099
13221
424539
1326780
1905722
2801
97485
1907792
1442597
33640
407301
66468
33643
44452
39455
1891026
39450
2945
39455
39455
2969
195069
1577725
71861



1287655
2605704
167538
432300
2004639
166959
63136
13221
2047258
63597
39714
42750
97485
60000
41120
2026923
529820
74790
77619
221442
2703868
2969
251737
43695
1144922
361426
238771
1278266
856889
238746
1122280
190327
190325
